0 1000 0
171.333 586.333 280
213.444 793.778 323.333
0 1000 0


171.333 586.333 280
430 759 666
213.444 793.778 323.333
171.333 586.333 280


0 0 0
1000 0 0
515.63 49.3333 117.667
0 0 0


1000 0 0
519.889 115 92
515.63 49.3333 117.667
1000 0 0


519.889 115 92
0 0 0
515.63 49.3333 117.667
519.889 115 92


1000 0 0
499.667 279 228
693.185 157.333 225.667
1000 0 0


499.667 279 228
519.889 115 92
693.185 157.333 225.667
499.667 279 228


519.889 115 92
1000 0 0
693.185 157.333 225.667
519.889 115 92


499.667 279 228
0 0 0
343.852 133.333 214.667
499.667 279 228


0 0 0
519.889 115 92
343.852 133.333 214.667
0 0 0


519.889 115 92
499.667 279 228
343.852 133.333 214.667
519.889 115 92


1000 0 0
430 759 666
716.741 402.667 446.667
1000 0 0


430 759 666
648.222 374 392
716.741 402.667 446.667
430 759 666


648.222 374 392
1000 0 0
716.741 402.667 446.667
648.222 374 392


430 759 666
499.667 279 228
547.963 493.667 530.667
430 759 666


499.667 279 228
648.222 374 392
547.963 493.667 530.667
499.667 279 228


648.222 374 392
430 759 666
547.963 493.667 530.667
648.222 374 392


499.667 279 228
1000 0 0
731.963 245.667 231.667
499.667 279 228


1000 0 0
648.222 374 392
731.963 245.667 231.667
1000 0 0


648.222 374 392
499.667 279 228
731.963 245.667 231.667
648.222 374 392


430 759 666
0 0 0
262.296 385.333 402
430 759 666


0 0 0
332.889 364 303
262.296 385.333 402
0 0 0


332.889 364 303
430 759 666
262.296 385.333 402
332.889 364 303


0 0 0
499.667 279 228
299.519 235.333 203
0 0 0


499.667 279 228
332.889 364 303
299.519 235.333 203
499.667 279 228


332.889 364 303
0 0 0
299.519 235.333 203
332.889 364 303


499.667 279 228
430 759 666
434.852 490.333 440
499.667 279 228


430 759 666
332.889 364 303
434.852 490.333 440
430 759 666


332.889 364 303
499.667 279 228
434.852 490.333 440
332.889 364 303


1000 0 0
1000 1000 0
996.778 527.37 147.222
1000 0 0


1000 1000 0
960.333 558.111 135.667
996.778 527.37 147.222
1000 1000 0


960.333 558.111 135.667
1000 0 0
996.778 527.37 147.222
960.333 558.111 135.667


1000 1000 0
824 614.333 269
937.111 754.148 187.889
1000 1000 0


824 614.333 269
960.333 558.111 135.667
937.111 754.148 187.889
824 614.333 269


960.333 558.111 135.667
1000 1000 0
937.111 754.148 187.889
960.333 558.111 135.667


824 614.333 269
1000 0 0
943.111 405.815 243.889
824 614.333 269


1000 0 0
960.333 558.111 135.667
943.111 405.815 243.889
1000 0 0


960.333 558.111 135.667
824 614.333 269
943.111 405.815 243.889
960.333 558.111 135.667


1000 1000 0
430 759 666
759.444 861.037 379.556
1000 1000 0


430 759 666
758.333 809.111 346.667
759.444 861.037 379.556
430 759 666


758.333 809.111 346.667
1000 1000 0
759.444 861.037 379.556
758.333 809.111 346.667


430 759 666
824 614.333 269
697.778 756.481 433.222
430 759 666


824 614.333 269
758.333 809.111 346.667
697.778 756.481 433.222
824 614.333 269


758.333 809.111 346.667
430 759 666
697.778 756.481 433.222
758.333 809.111 346.667


824 614.333 269
1000 1000 0
887.778 834.815 247.222
824 614.333 269


1000 1000 0
758.333 809.111 346.667
887.778 834.815 247.222
1000 1000 0


758.333 809.111 346.667
824 614.333 269
887.778 834.815 247.222
758.333 809.111 346.667


430 759 666
1000 0 0
744.111 441.259 443.222
430 759 666


1000 0 0
763.333 477.778 324.667
744.111 441.259 443.222
1000 0 0


763.333 477.778 324.667
430 759 666
744.111 441.259 443.222
763.333 477.778 324.667


1000 0 0
824 614.333 269
892.444 364.037 213.889
1000 0 0


824 614.333 269
763.333 477.778 324.667
892.444 364.037 213.889
824 614.333 269


763.333 477.778 324.667
1000 0 0
892.444 364.037 213.889
763.333 477.778 324.667


824 614.333 269
430 759 666
695.444 642.037 493.889
824 614.333 269


430 759 666
763.333 477.778 324.667
695.444 642.037 493.889
430 759 666


763.333 477.778 324.667
824 614.333 269
695.444 642.037 493.889
763.333 477.778 324.667


1000 1000 0
0 1000 0
530.519 1015.07 97.8889
1000 1000 0


0 1000 0
519.556 994.222 173.667
530.519 1015.07 97.8889
0 1000 0


519.556 994.222 173.667
1000 1000 0
530.519 1015.07 97.8889
519.556 994.222 173.667


0 1000 0
489.667 940.667 281
365.407 1002.3 236.556
0 1000 0


489.667 940.667 281
519.556 994.222 173.667
365.407 1002.3 236.556
489.667 940.667 281


519.556 994.222 173.667
0 1000 0
365.407 1002.3 236.556
519.556 994.222 173.667


489.667 940.667 281
1000 1000 0
684.741 996.296 258.556
489.667 940.667 281


1000 1000 0
519.556 994.222 173.667
684.741 996.296 258.556
1000 1000 0


519.556 994.222 173.667
489.667 940.667 281
684.741 996.296 258.556
519.556 994.222 173.667


0 1000 0
430 759 666
264.852 909.63 347.889
0 1000 0


430 759 666
325.556 906.889 353.667
264.852 909.63 347.889
430 759 666


325.556 906.889 353.667
0 1000 0
264.852 909.63 347.889
325.556 906.889 353.667


430 759 666
489.667 940.667 281
436.074 871.852 508.556
430 759 666


489.667 940.667 281
325.556 906.889 353.667
436.074 871.852 508.556
489.667 940.667 281


325.556 906.889 353.667
430 759 666
436.074 871.852 508.556
325.556 906.889 353.667


489.667 940.667 281
0 1000 0
274.741 975.185 214.556
489.667 940.667 281


0 1000 0
325.556 906.889 353.667
274.741 975.185 214.556
0 1000 0


325.556 906.889 353.667
489.667 940.667 281
274.741 975.185 214.556
325.556 906.889 353.667


430 759 666
1000 1000 0
691.63 915.296 395.222
430 759 666


1000 1000 0
644.889 926.889 345.667
691.63 915.296 395.222
1000 1000 0


644.889 926.889 345.667
430 759 666
691.63 915.296 395.222
644.889 926.889 345.667


1000 1000 0
489.667 940.667 281
725.519 973.852 296.889
1000 1000 0


489.667 940.667 281
644.889 926.889 345.667
725.519 973.852 296.889
489.667 940.667 281


644.889 926.889 345.667
1000 1000 0
725.519 973.852 296.889
644.889 926.889 345.667


489.667 940.667 281
430 759 666
532.519 900.519 451.889
489.667 940.667 281


430 759 666
644.889 926.889 345.667
532.519 900.519 451.889
430 759 666


644.889 926.889 345.667
489.667 940.667 281
532.519 900.519 451.889
644.889 926.889 345.667


0 1000 0
0 0 0
32.7037 523.259 74.1111
0 1000 0


0 0 0
65.1111 542.778 102.333
32.7037 523.259 74.1111
0 0 0


65.1111 542.778 102.333
0 1000 0
32.7037 523.259 74.1111
65.1111 542.778 102.333


0 0 0
171.333 586.333 280
89.8148 394.37 207.444
0 0 0


171.333 586.333 280
65.1111 542.778 102.333
89.8148 394.37 207.444
171.333 586.333 280


65.1111 542.778 102.333
0 0 0
89.8148 394.37 207.444
65.1111 542.778 102.333


171.333 586.333 280
0 1000 0
105.815 735.704 192.444
171.333 586.333 280


0 1000 0
65.1111 542.778 102.333
105.815 735.704 192.444
0 1000 0


65.1111 542.778 102.333
171.333 586.333 280
105.815 735.704 192.444
65.1111 542.778 102.333


0 0 0
430 759 666
232.815 422.148 381.444
0 0 0


430 759 666
214.444 474.444 349.333
232.815 422.148 381.444
430 759 666


214.444 474.444 349.333
0 0 0
232.815 422.148 381.444
214.444 474.444 349.333


430 759 666
171.333 586.333 280
295.926 626.593 475.778
430 759 666


171.333 586.333 280
214.444 474.444 349.333
295.926 626.593 475.778
171.333 586.333 280


214.444 474.444 349.333
430 759 666
295.926 626.593 475.778
214.444 474.444 349.333


171.333 586.333 280
0 0 0
130.593 354.593 283.778
171.333 586.333 280


0 0 0
214.444 474.444 349.333
130.593 354.593 283.778
0 0 0


214.444 474.444 349.333
171.333 586.333 280
130.593 354.593 283.778
214.444 474.444 349.333


430 759 666
0 1000 0
226.481 880.926 446.778
430 759 666


0 1000 0
213.444 793.778 323.333
226.481 880.926 446.778
0 1000 0


213.444 793.778 323.333
430 759 666
226.481 880.926 446.778
213.444 793.778 323.333


