0 1000 0
155 541.667 255.667
220.667 700.222 344.889
0 1000 0


155 541.667 255.667
450 547 500
220.667 700.222 344.889
155 541.667 255.667


0 0 0
1000 0 0
518.148 39.037 109.963
0 0 0


1000 0 0
500.444 90.1111 92.8889
518.148 39.037 109.963
1000 0 0


500.444 90.1111 92.8889
0 0 0
518.148 39.037 109.963
500.444 90.1111 92.8889


1000 0 0
495.333 183.333 230.667
683.259 99.1481 210.852
1000 0 0


495.333 183.333 230.667
500.444 90.1111 92.8889
683.259 99.1481 210.852
495.333 183.333 230.667


500.444 90.1111 92.8889
1000 0 0
683.259 99.1481 210.852
500.444 90.1111 92.8889


495.333 183.333 230.667
0 0 0
340.926 100.148 139.852
495.333 183.333 230.667


0 0 0
500.444 90.1111 92.8889
340.926 100.148 139.852
0 0 0


500.444 90.1111 92.8889
495.333 183.333 230.667
340.926 100.148 139.852
500.444 90.1111 92.8889


1000 0 0
450 547 500
724.148 285.481 334.852
1000 0 0


450 547 500
662.444 246.444 339.556
724.148 285.481 334.852
450 547 500


662.444 246.444 339.556
1000 0 0
724.148 285.481 334.852
662.444 246.444 339.556


450 547 500
495.333 183.333 230.667
537.926 337.593 360.741
450 547 500


495.333 183.333 230.667
662.444 246.444 339.556
537.926 337.593 360.741
495.333 183.333 230.667


662.444 246.444 339.556
450 547 500
537.926 337.593 360.741
662.444 246.444 339.556


495.333 183.333 230.667
1000 0 0
743.259 147.259 273.074
495.333 183.333 230.667


1000 0 0
662.444 246.444 339.556
743.259 147.259 273.074
1000 0 0


662.444 246.444 339.556
495.333 183.333 230.667
743.259 147.259 273.074
662.444 246.444 339.556


450 547 500
0 0 0
284.037 283.815 273.519
450 547 500


0 0 0
315.111 253.444 287.556
284.037 283.815 273.519
0 0 0


315.111 253.444 287.556
450 547 500
284.037 283.815 273.519
315.111 253.444 287.556


0 0 0
495.333 183.333 230.667
282.148 170.593 190.741
0 0 0


495.333 183.333 230.667
315.111 253.444 287.556
282.148 170.593 190.741
495.333 183.333 230.667


315.111 253.444 287.556
0 0 0
282.148 170.593 190.741
315.111 253.444 287.556


495.333 183.333 230.667
450 547 500
421.148 352.926 454.407
495.333 183.333 230.667


450 547 500
315.111 253.444 287.556
421.148 352.926 454.407
450 547 500


315.111 253.444 287.556
495.333 183.333 230.667
421.148 352.926 454.407
315.111 253.444 287.556


1000 0 0
1000 1000 0
1018.74 529.074 82.7407
1000 0 0


1000 1000 0
966.222 530.222 80.2222
1018.74 529.074 82.7407
1000 1000 0


966.222 530.222 80.2222
1000 0 0
1018.74 529.074 82.7407
966.222 530.222 80.2222


1000 1000 0
820.667 533.667 225.667
958.963 688.963 104.963
1000 1000 0


820.667 533.667 225.667
966.222 530.222 80.2222
958.963 688.963 104.963
820.667 533.667 225.667


966.222 530.222 80.2222
1000 1000 0
958.963 688.963 104.963
966.222 530.222 80.2222


820.667 533.667 225.667
1000 0 0
935.963 356.63 158.963
820.667 533.667 225.667


1000 0 0
966.222 530.222 80.2222
935.963 356.63 158.963
1000 0 0


966.222 530.222 80.2222
820.667 533.667 225.667
935.963 356.63 158.963
966.222 530.222 80.2222


1000 1000 0
450 547 500
756.63 776.185 324.963
1000 1000 0


450 547 500
765.889 721.556 270.889
756.63 776.185 324.963
450 547 500


765.889 721.556 270.889
1000 1000 0
756.63 776.185 324.963
765.889 721.556 270.889


450 547 500
820.667 533.667 225.667
684.852 628.741 338.185
450 547 500


820.667 533.667 225.667
765.889 721.556 270.889
684.852 628.741 338.185
820.667 533.667 225.667


765.889 721.556 270.889
450 547 500
684.852 628.741 338.185
765.889 721.556 270.889


820.667 533.667 225.667
1000 1000 0
883.185 767.741 259.519
820.667 533.667 225.667


1000 1000 0
765.889 721.556 270.889
883.185 767.741 259.519
1000 1000 0


765.889 721.556 270.889
820.667 533.667 225.667
883.185 767.741 259.519
765.889 721.556 270.889


450 547 500
1000 0 0
751.296 317.074 295.63
450 547 500


1000 0 0
782.889 377.222 260.889
751.296 317.074 295.63
1000 0 0


782.889 377.222 260.889
450 547 500
751.296 317.074 295.63
782.889 377.222 260.889


1000 0 0
820.667 533.667 225.667
880.852 333.63 198.185
1000 0 0


820.667 533.667 225.667
782.889 377.222 260.889
880.852 333.63 198.185
820.667 533.667 225.667


782.889 377.222 260.889
1000 0 0
880.852 333.63 198.185
782.889 377.222 260.889


820.667 533.667 225.667
450 547 500
685.519 501.963 384.852
820.667 533.667 225.667


450 547 500
782.889 377.222 260.889
685.519 501.963 384.852
450 547 500


782.889 377.222 260.889
820.667 533.667 225.667
685.519 501.963 384.852
782.889 377.222 260.889


1000 1000 0
0 1000 0
529.037 990.889 99.6296
1000 1000 0


0 1000 0
506.111 957.667 136.889
529.037 990.889 99.6296
0 1000 0


506.111 957.667 136.889
1000 1000 0
529.037 990.889 99.6296
506.111 957.667 136.889


0 1000 0
509.333 858 167.667
361.481 949.556 161.519
0 1000 0


509.333 858 167.667
506.111 957.667 136.889
361.481 949.556 161.519
509.333 858 167.667


506.111 957.667 136.889
0 1000 0
361.481 949.556 161.519
506.111 957.667 136.889


509.333 858 167.667
1000 1000 0
686.815 944.556 124.519
509.333 858 167.667


1000 1000 0
506.111 957.667 136.889
686.815 944.556 124.519
1000 1000 0


506.111 957.667 136.889
509.333 858 167.667
686.815 944.556 124.519
506.111 957.667 136.889


0 1000 0
450 547 500
265.259 805.222 313.852
0 1000 0


450 547 500
330.778 820.667 264.556
265.259 805.222 313.852
450 547 500


330.778 820.667 264.556
0 1000 0
265.259 805.222 313.852
330.778 820.667 264.556


450 547 500
509.333 858 167.667
443.037 750.889 423.741
450 547 500


509.333 858 167.667
330.778 820.667 264.556
443.037 750.889 423.741
509.333 858 167.667


330.778 820.667 264.556
450 547 500
443.037 750.889 423.741
330.778 820.667 264.556


509.333 858 167.667
0 1000 0
299.037 897.889 247.074
509.333 858 167.667


0 1000 0
330.778 820.667 264.556
299.037 897.889 247.074
0 1000 0


330.778 820.667 264.556
509.333 858 167.667
299.037 897.889 247.074
330.778 820.667 264.556


450 547 500
1000 1000 0
720.37 793.222 280.185
450 547 500


1000 1000 0
675.111 826.667 262.556
720.37 793.222 280.185
1000 1000 0


675.111 826.667 262.556
450 547 500
720.37 793.222 280.185
675.111 826.667 262.556


1000 1000 0
509.333 858 167.667
732.148 903.889 244.407
1000 1000 0


509.333 858 167.667
675.111 826.667 262.556
732.148 903.889 244.407
509.333 858 167.667


675.111 826.667 262.556
1000 1000 0
732.148 903.889 244.407
675.111 826.667 262.556


509.333 858 167.667
450 547 500
569.815 769.889 417.074
509.333 858 167.667


450 547 500
675.111 826.667 262.556
569.815 769.889 417.074
450 547 500


675.111 826.667 262.556
509.333 858 167.667
569.815 769.889 417.074
675.111 826.667 262.556


0 1000 0
0 0 0
36.8889 522.296 125.074
0 1000 0


0 0 0
71.6667 527.889 99.2222
36.8889 522.296 125.074
0 0 0


71.6667 527.889 99.2222
0 1000 0
36.8889 522.296 125.074
71.6667 527.889 99.2222


0 0 0
155 541.667 255.667
82.5556 369.519 236.296
0 0 0


155 541.667 255.667
71.6667 527.889 99.2222
82.5556 369.519 236.296
155 541.667 255.667


71.6667 527.889 99.2222
0 0 0
82.5556 369.519 236.296
71.6667 527.889 99.2222


155 541.667 255.667
0 1000 0
79.5556 711.852 151.296
155 541.667 255.667


0 1000 0
71.6667 527.889 99.2222
79.5556 711.852 151.296
0 1000 0


71.6667 527.889 99.2222
155 541.667 255.667
79.5556 711.852 151.296
71.6667 527.889 99.2222


0 0 0
450 547 500
249.222 334.963 390.63
0 0 0


450 547 500
216.667 391.889 350.889
249.222 334.963 390.63
450 547 500


216.667 391.889 350.889
0 0 0
249.222 334.963 390.63
216.667 391.889 350.889


450 547 500
155 541.667 255.667
295.889 504.519 454.852
450 547 500


155 541.667 255.667
216.667 391.889 350.889
295.889 504.519 454.852
155 541.667 255.667


216.667 391.889 350.889
450 547 500
295.889 504.519 454.852
216.667 391.889 350.889


155 541.667 255.667
0 0 0
134.889 341.185 229.185
155 541.667 255.667


0 0 0
216.667 391.889 350.889
134.889 341.185 229.185
0 0 0


216.667 391.889 350.889
155 541.667 255.667
134.889 341.185 229.185
216.667 391.889 350.889


450 547 500
0 1000 0
226.556 772.074 300.63
450 547 500


0 1000 0
220.667 700.222 344.889
226.556 772.074 300.63
0 1000 0


220.667 700.222 344.889
450 547 500
226.556 772.074 300.63
220.667 700.222 344.889


